            1.0              50.0              50.0              36.4   1417298828422.0
            2.0              50.0              50.0              36.2   1417298828525.0
            3.0              50.0              50.0              36.4   1417298828633.0
            4.0              50.0              50.0              36.2   1417298828734.0
            5.0              50.0              50.0              36.5   1417298828838.0
            6.0              50.0              50.0              36.2   1417298828945.0
            7.0              50.0              50.0              36.5   1417298829052.0
            8.0              50.0              50.0              36.6   1417298829161.0
            9.0              50.0              50.0              36.6   1417298829268.0
           10.0              50.0              50.0              36.7   1417298829377.0
           11.0              50.0              50.0              36.8   1417298829478.0
           12.0              50.0              50.0              36.9   1417298829584.0
           13.0              50.0              50.0              37.2   1417298829691.0
           14.0              50.0              50.0              37.2   1417298829799.0
           15.0              50.0              50.0              37.3   1417298829901.0
           16.0              50.0              50.0              37.5   1417298830007.0
           17.0              50.0              50.0              37.5   1417298830110.0
           18.0              50.0              50.0              37.7   1417298830213.0
           19.0              50.0              50.0              38.0   1417298830316.0
           20.0              50.0              50.0              38.2   1417298830425.0
           21.0              50.0              50.0              38.2   1417298830532.0
           22.0              50.0              50.0              38.3   1417298830636.0
           23.0              50.0              50.0              38.4   1417298830746.0
           24.0              50.0              50.0              38.7   1417298830849.0
           25.0              50.0              50.0              38.8   1417298830953.0
           26.0              50.0              50.0              38.9   1417298831057.0
           27.0              50.0              50.0              39.0   1417298831160.0
           28.0              50.0              50.0              39.1   1417298831266.0
           29.0              50.0              50.0              39.4   1417298831371.0
           30.0              50.0              50.0              39.5   1417298831475.0
           31.0              50.0              50.0              39.7   1417298831581.0
           32.0              50.0              50.0              39.8   1417298831687.0
           33.0              50.0              50.0              39.8   1417298831792.0
           34.0              50.0              50.0              40.1   1417298831895.0
           35.0              50.0              50.0              40.2   1417298832002.0
           36.0              50.0              50.0              40.2   1417298832107.0
           37.0              50.0              50.0              40.3   1417298832217.0
           38.0              50.0              50.0              40.4   1417298832318.0
           39.0              50.0              50.0              40.5   1417298832423.0
           40.0              50.0              50.0              40.7   1417298832526.0
           41.0              50.0              50.0              40.8   1417298832631.0
           42.0              50.0              50.0              40.8   1417298832734.0
           43.0              50.0              50.0              40.9   1417298832836.0
           44.0              50.0              50.0              41.0   1417298832944.0
           45.0              50.0              50.0              41.0   1417298833047.0
           46.0              50.0              50.0              41.1   1417298833149.0
           47.0              50.0              50.0              41.1   1417298833256.0
           48.0              50.0              50.0              41.2   1417298833358.0
           49.0              50.0              50.0              41.1   1417298833465.0
           50.0              50.0              50.0              41.1   1417298833574.0
           51.0              50.0              50.0              41.2   1417298833679.0
           52.0              50.0              50.0              41.4   1417298833784.0
           53.0              50.0              50.0              41.4   1417298833893.0
           54.0              50.0              50.0              41.5   1417298833995.0
           55.0              50.0              50.0              41.4   1417298834097.0
           56.0              50.0              50.0              41.6   1417298834203.0
           57.0              50.0              50.0              41.5   1417298834309.0
           58.0              50.0              50.0              41.6   1417298834416.0
           59.0              50.0              50.0              41.7   1417298834525.0
           60.0              50.0              50.0              41.7   1417298834631.0
           61.0              50.0              50.0              41.8   1417298834735.0
           62.0              50.0              50.0              41.8   1417298834839.0
           63.0              50.0              50.0              41.8   1417298834949.0
           64.0              50.0              50.0              41.9   1417298835059.0
           65.0              50.0              50.0              41.9   1417298835163.0
           66.0              50.0              50.0              42.1   1417298835267.0
           67.0              50.0              50.0              41.9   1417298835375.0
           68.0              50.0              50.0              42.1   1417298835478.0
           69.0              50.0              50.0              42.1   1417298835583.0
           70.0              50.0              50.0              41.9   1417298835686.0
           71.0              50.0              50.0              42.2   1417298835792.0
           72.0              50.0              50.0              42.2   1417298835898.0
           73.0              50.0              50.0              42.2   1417298836000.0
           74.0              50.0              50.0              42.2   1417298836103.0
           75.0              50.0              50.0              42.3   1417298836210.0
           76.0              50.0              50.0              42.3   1417298836318.0
           77.0              50.0              50.0              42.2   1417298836419.0
           78.0              50.0              50.0              42.3   1417298836526.0
           79.0              50.0              50.0              42.3   1417298836629.0
           80.0              50.0              50.0              42.3   1417298836733.0
           81.0              50.0              50.0              42.3   1417298836842.0
           82.0              50.0              50.0              42.4   1417298836948.0
           83.0              50.0              50.0              42.3   1417298837053.0
           84.0              50.0              50.0              42.4   1417298837156.0
           85.0              50.0              50.0              42.4   1417298837265.0
           86.0              50.0              50.0              42.4   1417298837367.0
           87.0              50.0              50.0              42.5   1417298837470.0
           88.0              50.0              50.0              42.5   1417298837579.0
           89.0              50.0              50.0              42.5   1417298837688.0
           90.0              50.0              50.0              42.5   1417298837794.0
           91.0              50.0              50.0              42.6   1417298837904.0
           92.0              50.0              50.0              42.6   1417298838011.0
           93.0              50.0              50.0              42.7   1417298838121.0
           94.0              50.0              50.0              42.7   1417298838222.0
           95.0              50.0              50.0              42.7   1417298838330.0
           96.0              50.0              50.0              42.9   1417298838435.0
           97.0              50.0              50.0              42.7   1417298838542.0
           98.0              50.0              50.0              42.7   1417298838651.0
           99.0              50.0              50.0              42.6   1417298838752.0
          100.0              50.0              50.0              42.7   1417298838861.0
          101.0              50.0              50.0              42.7   1417298838971.0
          102.0              50.0              50.0              42.6   1417298839077.0
          103.0              50.0              50.0              42.6   1417298839183.0
          104.0              50.0              50.0              42.6   1417298839292.0
          105.0              50.0              50.0              42.7   1417298839393.0
          106.0              50.0              50.0              42.7   1417298839499.0
          107.0              50.0              50.0              42.9   1417298839601.0
          108.0              50.0              50.0              43.0   1417298839709.0
          109.0              50.0              50.0              42.9   1417298839812.0
          110.0              50.0              50.0              43.0   1417298839918.0
          111.0              50.0              50.0              43.0   1417298840028.0
          112.0              50.0              50.0              42.9   1417298840136.0
          113.0              50.0              50.0              42.9   1417298840237.0
          114.0              50.0              50.0              42.9   1417298840343.0
          115.0              50.0              50.0              42.9   1417298840447.0
          116.0              50.0              50.0              42.9   1417298840550.0
          117.0              50.0              50.0              42.9   1417298840657.0
          118.0              50.0              50.0              42.9   1417298840759.0
          119.0              50.0              50.0              42.7   1417298840866.0
          120.0              50.0              50.0              42.7   1417298840973.0
          121.0              50.0              50.0              42.7   1417298841077.0
          122.0              50.0              50.0              42.7   1417298841178.0
          123.0              50.0              50.0              42.6   1417298841284.0
          124.0              50.0              50.0              42.6   1417298841388.0
          125.0              50.0              50.0              42.5   1417298841491.0
          126.0              50.0              50.0              42.6   1417298841597.0
          127.0              50.0              50.0              42.6   1417298841702.0
          128.0              50.0              50.0              42.6   1417298841805.0
          129.0              50.0              50.0              42.6   1417298841906.0
          130.0              50.0              50.0              42.6   1417298842013.0
          131.0              50.0              50.0              42.6   1417298842117.0
          132.0              50.0              50.0              42.6   1417298842225.0
          133.0              50.0              50.0              42.6   1417298842331.0
          134.0              50.0              50.0              42.6   1417298842434.0
          135.0              50.0              50.0              42.7   1417298842541.0
          136.0              50.0              50.0              42.9   1417298842642.0
          137.0              50.0              50.0              42.9   1417298842747.0
          138.0              50.0              50.0              42.9   1417298842855.0
          139.0              50.0              50.0              42.9   1417298842964.0
          140.0              50.0              50.0              42.9   1417298843067.0
          141.0              50.0              50.0              42.7   1417298843172.0
          142.0              50.0              50.0              42.7   1417298843282.0
          143.0              50.0              50.0              42.9   1417298843388.0
          144.0              50.0              50.0              42.7   1417298843494.0
          145.0              50.0              50.0              42.7   1417298843600.0
          146.0              50.0              50.0              42.7   1417298843706.0
          147.0              50.0              50.0              42.6   1417298843811.0
          148.0              50.0              50.0              42.7   1417298843919.0
          149.0              50.0              50.0              42.7   1417298844027.0
          150.0              50.0              50.0              42.9   1417298844137.0
          151.0              50.0              50.0              42.7   1417298844246.0
          152.0              50.0              50.0              42.7   1417298844351.0
          153.0              50.0              50.0              42.7   1417298844454.0
          154.0              50.0              50.0              42.7   1417298844564.0
          155.0              50.0              50.0              42.7   1417298844666.0
          156.0              50.0              50.0              42.6   1417298844771.0
          157.0              50.0              50.0              42.6   1417298844875.0
          158.0              50.0              50.0              42.6   1417298844976.0
          159.0              50.0              50.0              42.6   1417298845082.0
          160.0              50.0              50.0              42.6   1417298845191.0
          161.0              50.0              50.0              42.6   1417298845298.0
          162.0              50.0              50.0              42.7   1417298845400.0
          163.0              50.0              50.0              42.7   1417298845501.0
          164.0              50.0              50.0              42.7   1417298845610.0
          165.0              50.0              50.0              42.7   1417298845711.0
          166.0              50.0              50.0              42.7   1417298845820.0
          167.0              50.0              50.0              42.6   1417298845921.0
          168.0              50.0              50.0              42.6   1417298846023.0
          169.0              50.0              50.0              42.7   1417298846128.0
          170.0              50.0              50.0              42.7   1417298846236.0
          171.0              50.0              50.0              42.7   1417298846346.0
          172.0              50.0              50.0              42.7   1417298846449.0
          173.0              50.0              50.0              42.9   1417298846555.0
          174.0              50.0              50.0              42.7   1417298846658.0
          175.0              50.0              50.0              42.7   1417298846763.0
          176.0              50.0              50.0              42.6   1417298846873.0
          177.0              50.0              50.0              42.6   1417298846982.0
          178.0              50.0              50.0              42.6   1417298847091.0
          179.0              50.0              50.0              42.6   1417298847194.0
          180.0              50.0              50.0              42.5   1417298847299.0
          181.0              50.0              50.0              42.6   1417298847403.0
          182.0              50.0              50.0              42.5   1417298847510.0
          183.0              50.0              50.0              42.6   1417298847618.0
          184.0              50.0              50.0              42.6   1417298847722.0
          185.0              50.0              50.0              42.6   1417298847830.0
          186.0              50.0              50.0              42.6   1417298847936.0
          187.0              50.0              50.0              42.7   1417298848037.0
          188.0              50.0              50.0              42.6   1417298848147.0
          189.0              50.0              50.0              42.6   1417298848250.0
          190.0              50.0              50.0              42.6   1417298848351.0
          191.0              50.0              50.0              42.6   1417298848460.0
          192.0              50.0              50.0              42.7   1417298848562.0
          193.0              50.0              50.0              42.7   1417298848672.0
          194.0              50.0              50.0              42.6   1417298848779.0
          195.0              50.0              50.0              42.7   1417298848882.0
          196.0              50.0              50.0              42.7   1417298848988.0
          197.0              50.0              50.0              42.7   1417298849097.0
          198.0              50.0              50.0              42.7   1417298849205.0
          199.0              50.0              50.0              42.9   1417298849307.0
          200.0              50.0              50.0              42.9   1417298849415.0
          201.0              50.0              50.0              43.0   1417298849519.0
          202.0              50.0              50.0              43.0   1417298849622.0
          203.0              50.0              50.0              43.0   1417298849732.0
          204.0              50.0              50.0              43.1   1417298849841.0
          205.0              50.0              50.0              43.1   1417298849944.0
          206.0              50.0              50.0              43.1   1417298850053.0
          207.0              50.0              50.0              43.2   1417298850160.0
          208.0              50.0              50.0              43.2   1417298850270.0
          209.0              50.0              50.0              43.2   1417298850371.0
          210.0              50.0              50.0              43.3   1417298850474.0
          211.0              50.0              50.0              43.3   1417298850582.0
          212.0              50.0              50.0              43.2   1417298850684.0
          213.0              50.0              50.0              43.2   1417298850793.0
          214.0              50.0              50.0              43.3   1417298850897.0
          215.0              50.0              50.0              43.2   1417298851003.0
          216.0              50.0              50.0              43.2   1417298851109.0
          217.0              50.0              50.0              43.2   1417298851210.0
          218.0              50.0              50.0              43.1   1417298851319.0
          219.0              50.0              50.0              43.1   1417298851425.0
          220.0              50.0              50.0              43.1   1417298851528.0
          221.0              50.0              50.0              43.1   1417298851638.0
          222.0              50.0              50.0              43.2   1417298851748.0
          223.0              50.0              50.0              43.1   1417298851852.0
          224.0              50.0              50.0              43.1   1417298851954.0
          225.0              50.0              50.0              43.1   1417298852064.0
          226.0              50.0              50.0              43.1   1417298852172.0
          227.0              50.0              50.0              43.1   1417298852282.0
          228.0              50.0              50.0              43.1   1417298852386.0
          229.0              50.0              50.0              43.1   1417298852492.0
          230.0              50.0              50.0              43.0   1417298852600.0
          231.0              50.0              50.0              43.0   1417298852707.0
          232.0              50.0              50.0              43.0   1417298852812.0
          233.0              50.0              50.0              43.0   1417298852914.0
          234.0              50.0              50.0              43.0   1417298853019.0
          235.0              50.0              50.0              43.0   1417298853124.0
          236.0              50.0              50.0              43.0   1417298853233.0
          237.0              50.0              50.0              42.9   1417298853336.0
          238.0              50.0              50.0              43.1   1417298853439.0
          239.0              50.0              50.0              43.0   1417298853543.0
          240.0              50.0              50.0              43.2   1417298853647.0
          241.0              50.0              50.0              43.1   1417298853752.0
          242.0              50.0              50.0              43.1   1417298853856.0
          243.0              50.0              50.0              43.1   1417298853962.0
          244.0              50.0              50.0              43.1   1417298854065.0
          245.0              50.0              50.0              43.0   1417298854167.0
          246.0              50.0              50.0              43.0   1417298854268.0
          247.0              50.0              50.0              43.0   1417298854373.0
          248.0              50.0              50.0              43.0   1417298854474.0
          249.0              50.0              50.0              43.0   1417298854576.0
          250.0              50.0              50.0              43.1   1417298854679.0
          251.0              50.0              50.0              43.0   1417298854783.0
          252.0              50.0              50.0              43.0   1417298854886.0
          253.0              50.0              50.0              42.9   1417298854990.0
          254.0              50.0              50.0              43.1   1417298855093.0
          255.0              50.0              50.0              43.0   1417298855196.0
          256.0              50.0              50.0              43.1   1417298855302.0
          257.0              50.0              50.0              43.1   1417298855405.0
          258.0              50.0              50.0              43.1   1417298855512.0
          259.0              50.0              50.0              43.0   1417298855618.0
          260.0              50.0              50.0              43.0   1417298855723.0
          261.0              50.0              50.0              43.1   1417298855828.0
          262.0              50.0              50.0              43.1   1417298855932.0
          263.0              50.0              50.0              43.1   1417298856038.0
          264.0              50.0              50.0              43.0   1417298856143.0
          265.0              50.0              50.0              43.1   1417298856253.0
          266.0              50.0              50.0              43.0   1417298856356.0
          267.0              50.0              50.0              43.1   1417298856461.0
          268.0              50.0              50.0              43.0   1417298856562.0
          269.0              50.0              50.0              43.0   1417298856665.0
          270.0              50.0              50.0              43.0   1417298856766.0
          271.0              50.0              50.0              43.0   1417298856874.0
          272.0              50.0              50.0              43.0   1417298856975.0
          273.0              50.0              50.0              43.0   1417298857079.0
          274.0              50.0              50.0              43.0   1417298857181.0
          275.0              50.0              50.0              43.0   1417298857284.0
          276.0              50.0              50.0              43.0   1417298857388.0
          277.0              50.0              50.0              43.0   1417298857496.0
          278.0              50.0              50.0              43.0   1417298857597.0
          279.0              50.0              50.0              43.0   1417298857707.0
          280.0              50.0              50.0              43.0   1417298857812.0
          281.0              50.0              50.0              43.1   1417298857915.0
          282.0              50.0              50.0              43.0   1417298858016.0
          283.0              50.0              50.0              43.0   1417298858125.0
          284.0              50.0              50.0              43.1   1417298858234.0
          285.0              50.0              50.0              43.0   1417298858339.0
          286.0              50.0              50.0              43.0   1417298858447.0
          287.0              50.0              50.0              43.0   1417298858549.0
          288.0              50.0              50.0              43.0   1417298858651.0
          289.0              50.0              50.0              43.0   1417298858757.0
          290.0              50.0              50.0              43.0   1417298858862.0
          291.0              50.0              50.0              43.0   1417298858969.0
          292.0              50.0              50.0              42.9   1417298859079.0
          293.0              50.0              50.0              43.0   1417298859180.0
          294.0              50.0              50.0              43.0   1417298859285.0
          295.0              50.0              50.0              43.1   1417298859395.0
          296.0              50.0              50.0              43.1   1417298859496.0
          297.0              50.0              50.0              43.1   1417298859606.0
          298.0              50.0              50.0              43.1   1417298859716.0
          299.0              50.0              50.0              43.1   1417298859826.0
          300.0              50.0              50.0              43.2   1417298859935.0
          301.0              50.0              50.0              43.1   1417298860036.0
          302.0              50.0              50.0              43.2   1417298860137.0
          303.0              50.0              50.0              43.2   1417298860243.0
          304.0              50.0              50.0              43.1   1417298860348.0
          305.0              50.0              50.0              43.2   1417298860457.0
          306.0              50.0              50.0              43.1   1417298860563.0
          307.0              50.0              50.0              43.2   1417298860673.0
          308.0              50.0              50.0              43.1   1417298860778.0
          309.0              50.0              50.0              43.2   1417298860884.0
          310.0              50.0              50.0              43.2   1417298860992.0
          311.0              50.0              50.0              43.2   1417298861100.0
          312.0              50.0              50.0              43.3   1417298861206.0
          313.0              50.0              50.0              43.2   1417298861311.0
          314.0              50.0              50.0              43.2   1417298861419.0
          315.0              50.0              50.0              43.2   1417298861524.0
          316.0              50.0              50.0              43.1   1417298861631.0
          317.0              50.0              50.0              43.2   1417298861741.0
          318.0              50.0              50.0              43.1   1417298861843.0
          319.0              50.0              50.0              43.0   1417298861949.0
          320.0              50.0              50.0              43.1   1417298862052.0
          321.0              50.0              50.0              43.1   1417298862158.0
          322.0              50.0              50.0              43.2   1417298862263.0
          323.0              50.0              50.0              43.1   1417298862364.0
          324.0              50.0              50.0              43.2   1417298862470.0
          325.0              50.0              50.0              43.1   1417298862578.0
          326.0              50.0              50.0              43.1   1417298862688.0
          327.0              50.0              50.0              43.2   1417298862790.0
          328.0              50.0              50.0              43.2   1417298862893.0
          329.0              50.0              50.0              43.1   1417298862994.0
          330.0              50.0              50.0              43.1   1417298863100.0
          331.0              50.0              50.0              43.2   1417298863204.0
          332.0              50.0              50.0              43.1   1417298863311.0
          333.0              50.0              50.0              43.2   1417298863421.0
          334.0              50.0              50.0              43.1   1417298863530.0
          335.0              50.0              50.0              43.1   1417298863634.0
          336.0              50.0              50.0              43.1   1417298863743.0
          337.0              50.0              50.0              43.2   1417298863845.0
          338.0              50.0              50.0              43.2   1417298863951.0
          339.0              50.0              50.0              43.1   1417298864057.0
          340.0              50.0              50.0              43.2   1417298864167.0
          341.0              50.0              50.0              43.1   1417298864277.0
          342.0              50.0              50.0              43.1   1417298864384.0
          343.0              50.0              50.0              43.2   1417298864494.0
          344.0              50.0              50.0              43.2   1417298864602.0
          345.0              50.0              50.0              43.1   1417298864708.0
          346.0              50.0              50.0              43.2   1417298864816.0
          347.0              50.0              50.0              43.3   1417298864917.0
          348.0              50.0              50.0              43.3   1417298865022.0
          349.0              50.0              50.0              43.2   1417298865123.0
          350.0              50.0              50.0              43.2   1417298865226.0
          351.0              50.0              50.0              43.2   1417298865330.0
          352.0              50.0              50.0              43.2   1417298865432.0
          353.0              50.0              50.0              43.2   1417298865542.0
          354.0              50.0              50.0              43.2   1417298865650.0
          355.0              50.0              50.0              43.2   1417298865756.0
          356.0              50.0              50.0              43.2   1417298865860.0
          357.0              50.0              50.0              43.2   1417298865969.0
          358.0              50.0              50.0              43.2   1417298866078.0
          359.0              50.0              50.0              43.2   1417298866185.0
          360.0              50.0              50.0              43.1   1417298866286.0
          361.0              50.0              50.0              43.2   1417298866389.0
          362.0              50.0              50.0              43.2   1417298866497.0
          363.0              50.0              50.0              43.1   1417298866600.0
          364.0              50.0              50.0              43.1   1417298866707.0
          365.0              50.0              50.0              43.1   1417298866817.0
          366.0              50.0              50.0              43.1   1417298866923.0
          367.0              50.0              50.0              43.2   1417298867026.0
          368.0              50.0              50.0              43.2   1417298867133.0
          369.0              50.0              50.0              43.2   1417298867236.0
          370.0              50.0              50.0              43.2   1417298867338.0
          371.0              50.0              50.0              43.1   1417298867445.0
          372.0              50.0              50.0              43.2   1417298867550.0
          373.0              50.0              50.0              43.2   1417298867658.0
          374.0              50.0              50.0              43.2   1417298867760.0
          375.0              50.0              50.0              43.2   1417298867867.0
          376.0              50.0              50.0              43.1   1417298867971.0
          377.0              50.0              50.0              43.2   1417298868079.0
          378.0              50.0              50.0              43.1   1417298868189.0
          379.0              50.0              50.0              43.1   1417298868292.0
          380.0              50.0              50.0              43.2   1417298868395.0
          381.0              50.0              50.0              43.2   1417298868499.0
          382.0              50.0              50.0              43.2   1417298868600.0
          383.0              50.0              50.0              43.2   1417298868708.0
          384.0              50.0              50.0              43.3   1417298868810.0
          385.0              50.0              50.0              43.2   1417298868913.0
          386.0              50.0              50.0              43.3   1417298869014.0
          387.0              50.0              50.0              43.2   1417298869122.0
          388.0              50.0              50.0              43.3   1417298869229.0
          389.0              50.0              50.0              43.2   1417298869336.0
          390.0              50.0              50.0              43.3   1417298869438.0
          391.0              50.0              50.0              43.2   1417298869542.0
          392.0              50.0              50.0              43.2   1417298869644.0
          393.0              50.0              50.0              43.2   1417298869751.0
          394.0              50.0              50.0              43.2   1417298869858.0
          395.0              50.0              50.0              43.3   1417298869963.0
          396.0              50.0              50.0              43.2   1417298870065.0
          397.0              50.0              50.0              43.2   1417298870168.0
          398.0              50.0              50.0              43.2   1417298870278.0
          399.0              50.0              50.0              43.3   1417298870383.0
          400.0              50.0              50.0              43.3   1417298870492.0
          401.0              60.0              50.0              43.3   1417298870597.0
          402.0              60.0              50.0              43.4   1417298870706.0
          403.0              60.0              50.0              43.4   1417298870813.0
          404.0              60.0              50.0              43.3   1417298870914.0
          405.0              60.0              50.0              43.3   1417298871017.0
          406.0              60.0              50.0              43.4   1417298871127.0
          407.0              60.0              50.0              43.4   1417298871230.0
          408.0              60.0              50.0              43.6   1417298871337.0
          409.0              60.0              50.0              43.4   1417298871446.0
          410.0              60.0              50.0              43.6   1417298871554.0
          411.0              60.0              50.0              43.6   1417298871659.0
          412.0              60.0              50.0              43.6   1417298871767.0
          413.0              60.0              50.0              43.6   1417298871875.0
          414.0              60.0              50.0              43.6   1417298871980.0
          415.0              60.0              50.0              43.6   1417298872090.0
          416.0              60.0              50.0              43.7   1417298872192.0
          417.0              60.0              50.0              43.6   1417298872293.0
          418.0              60.0              50.0              43.7   1417298872400.0
          419.0              60.0              50.0              43.7   1417298872507.0
          420.0              60.0              50.0              43.8   1417298872609.0
          421.0              60.0              50.0              43.8   1417298872716.0
          422.0              60.0              50.0              43.8   1417298872818.0
          423.0              60.0              50.0              43.8   1417298872921.0
          424.0              60.0              50.0              43.8   1417298873022.0
          425.0              60.0              50.0              43.8   1417298873123.0
          426.0              60.0              50.0              43.9   1417298873224.0
          427.0              60.0              50.0              44.0   1417298873332.0
          428.0              60.0              50.0              43.9   1417298873439.0
          429.0              60.0              50.0              44.0   1417298873546.0
          430.0              60.0              50.0              43.9   1417298873649.0
          431.0              40.0              50.0              43.9   1417298873753.0
          432.0              40.0              50.0              44.0   1417298873858.0
          433.0              40.0              50.0              44.0   1417298873965.0
          434.0              40.0              50.0              43.9   1417298874071.0
          435.0              40.0              50.0              43.9   1417298874178.0
          436.0              40.0              50.0              44.0   1417298874279.0
          437.0              40.0              50.0              44.0   1417298874382.0
          438.0              40.0              50.0              44.0   1417298874490.0
          439.0              40.0              50.0              43.9   1417298874593.0
          440.0              40.0              50.0              44.0   1417298874698.0
          441.0              40.0              50.0              43.9   1417298874807.0
          442.0              40.0              50.0              43.9   1417298874911.0
          443.0              40.0              50.0              43.9   1417298875019.0
          444.0              40.0              50.0              43.7   1417298875126.0
          445.0              40.0              50.0              43.8   1417298875234.0
          446.0              40.0              50.0              43.7   1417298875342.0
          447.0              40.0              50.0              43.7   1417298875448.0
          448.0              40.0              50.0              43.6   1417298875558.0
          449.0              40.0              50.0              43.4   1417298875668.0
          450.0              60.0              50.0              43.4   1417298875772.0
          451.0              60.0              50.0              43.4   1417298875876.0
          452.0              60.0              50.0              43.4   1417298875986.0
          453.0              60.0              50.0              43.3   1417298876094.0
          454.0              60.0              50.0              43.3   1417298876196.0
          455.0              60.0              50.0              43.3   1417298876302.0
          456.0              60.0              50.0              43.3   1417298876406.0
          457.0              60.0              50.0              43.3   1417298876511.0
          458.0              60.0              50.0              43.3   1417298876615.0
          459.0              60.0              50.0              43.3   1417298876722.0
          460.0              60.0              50.0              43.4   1417298876825.0
          461.0              60.0              50.0              43.3   1417298876930.0
          462.0              60.0              50.0              43.4   1417298877036.0
          463.0              60.0              50.0              43.4   1417298877143.0
          464.0              60.0              50.0              43.4   1417298877244.0
          465.0              60.0              50.0              43.6   1417298877354.0
          466.0              60.0              50.0              43.6   1417298877456.0
          467.0              60.0              50.0              43.7   1417298877559.0
          468.0              60.0              50.0              43.7   1417298877661.0
          469.0              60.0              50.0              43.7   1417298877770.0
          470.0              60.0              50.0              43.8   1417298877875.0
          471.0              60.0              50.0              43.8   1417298877982.0
          472.0              60.0              50.0              43.9   1417298878090.0
          473.0              60.0              50.0              43.9   1417298878198.0
          474.0              60.0              50.0              43.8   1417298878303.0
          475.0              60.0              50.0              43.9   1417298878404.0
          476.0              60.0              50.0              44.0   1417298878505.0
          477.0              60.0              50.0              44.0   1417298878611.0
          478.0              60.0              50.0              44.1   1417298878712.0
          479.0              60.0              50.0              44.0   1417298878816.0
          480.0              60.0              50.0              44.0   1417298878920.0
          481.0              60.0              50.0              44.1   1417298879025.0
          482.0              60.0              50.0              44.1   1417298879132.0
          483.0              60.0              50.0              44.1   1417298879235.0
          484.0              60.0              50.0              44.1   1417298879339.0
          485.0              60.0              50.0              44.3   1417298879444.0
          486.0              60.0              50.0              44.1   1417298879548.0
          487.0              60.0              50.0              44.1   1417298879654.0
          488.0              60.0              50.0              44.1   1417298879756.0
          489.0              60.0              50.0              44.1   1417298879864.0
          490.0              60.0              50.0              44.3   1417298879969.0
          491.0              40.0              50.0              44.3   1417298880072.0
          492.0              40.0              50.0              44.3   1417298880175.0
          493.0              40.0              50.0              44.3   1417298880279.0
          494.0              40.0              50.0              44.3   1417298880382.0
          495.0              40.0              50.0              44.3   1417298880485.0
          496.0              40.0              50.0              44.3   1417298880590.0
          497.0              40.0              50.0              44.1   1417298880694.0
          498.0              40.0              50.0              44.3   1417298880801.0
          499.0              40.0              50.0              44.1   1417298880911.0
          500.0              40.0              50.0              44.0   1417298881017.0
          501.0              40.0              50.0              43.9   1417298881118.0
          502.0              60.0              50.0              43.9   1417298881227.0
          503.0              60.0              50.0              43.8   1417298881331.0
          504.0              60.0              50.0              43.9   1417298881433.0
          505.0              60.0              50.0              43.8   1417298881536.0
          506.0              60.0              50.0              43.8   1417298881638.0
          507.0              60.0              50.0              43.8   1417298881747.0
          508.0              60.0              50.0              43.7   1417298881854.0
          509.0              60.0              50.0              43.7   1417298881959.0
          510.0              60.0              50.0              43.7   1417298882066.0
          511.0              60.0              50.0              43.6   1417298882169.0
          512.0              60.0              50.0              43.7   1417298882278.0
          513.0              60.0              50.0              43.7   1417298882379.0
          514.0              60.0              50.0              43.8   1417298882484.0
          515.0              60.0              50.0              43.7   1417298882594.0
          516.0              60.0              50.0              43.8   1417298882695.0
          517.0              60.0              50.0              43.8   1417298882804.0
          518.0              60.0              50.0              43.7   1417298882907.0
          519.0              60.0              50.0              43.8   1417298883008.0
          520.0              60.0              50.0              43.8   1417298883114.0
          521.0              60.0              50.0              43.8   1417298883222.0
          522.0              60.0              50.0              43.9   1417298883323.0
          523.0              60.0              50.0              43.8   1417298883429.0
          524.0              60.0              50.0              43.9   1417298883533.0
          525.0              60.0              50.0              43.9   1417298883638.0
          526.0              40.0              50.0              44.0   1417298883744.0
          527.0              40.0              50.0              44.0   1417298883845.0
          528.0              40.0              50.0              44.0   1417298883954.0
          529.0              40.0              50.0              44.1   1417298884062.0
          530.0              40.0              50.0              44.0   1417298884163.0
          531.0              40.0              50.0              44.1   1417298884265.0
          532.0              40.0              50.0              44.0   1417298884370.0
          533.0              40.0              50.0              44.0   1417298884478.0
          534.0              40.0              50.0              44.0   1417298884579.0
          535.0              40.0              50.0              44.0   1417298884687.0
          536.0              40.0              50.0              43.9   1417298884789.0
          537.0              40.0              50.0              43.8   1417298884892.0
          538.0              40.0              50.0              43.8   1417298884997.0
          539.0              40.0              50.0              43.8   1417298885102.0
          540.0              40.0              50.0              43.7   1417298885204.0
          541.0              40.0              50.0              43.7   1417298885308.0
          542.0              40.0              50.0              43.7   1417298885409.0
          543.0              40.0              50.0              43.6   1417298885514.0
          544.0              40.0              50.0              43.6   1417298885622.0
          545.0              40.0              50.0              43.4   1417298885723.0
          546.0              40.0              50.0              43.4   1417298885829.0
          547.0              40.0              50.0              43.4   1417298885933.0
          548.0              40.0              50.0              43.3   1417298886036.0
          549.0              40.0              50.0              43.3   1417298886138.0
          550.0              40.0              50.0              43.3   1417298886244.0
          551.0              40.0              50.0              43.2   1417298886354.0
          552.0              40.0              50.0              43.2   1417298886461.0
          553.0              40.0              50.0              43.0   1417298886564.0
          554.0              40.0              50.0              43.1   1417298886667.0
          555.0              40.0              50.0              43.0   1417298886769.0
          556.0              40.0              50.0              43.0   1417298886876.0
          557.0              40.0              50.0              42.9   1417298886982.0
          558.0              40.0              50.0              42.9   1417298887092.0
          559.0              40.0              50.0              42.9   1417298887198.0
          560.0              40.0              50.0              42.7   1417298887307.0
          561.0              40.0              50.0              42.7   1417298887409.0
          562.0              40.0              50.0              42.7   1417298887517.0
          563.0              60.0              50.0              42.6   1417298887623.0
          564.0              60.0              50.0              42.7   1417298887731.0
          565.0              60.0              50.0              42.7   1417298887839.0
          566.0              60.0              50.0              42.6   1417298887941.0
          567.0              60.0              50.0              42.5   1417298888043.0
          568.0              60.0              50.0              42.6   1417298888147.0
          569.0              60.0              50.0              42.6   1417298888253.0
          570.0              60.0              50.0              42.6   1417298888360.0
          571.0              60.0              50.0              42.7   1417298888468.0
          572.0              60.0              50.0              42.7   1417298888577.0
          573.0              60.0              50.0              42.6   1417298888684.0
          574.0              60.0              50.0              42.7   1417298888791.0
          575.0              60.0              50.0              42.7   1417298888895.0
          576.0              60.0              50.0              42.9   1417298888998.0
          577.0              60.0              50.0              42.9   1417298889099.0
          578.0              60.0              50.0              42.9   1417298889201.0
          579.0              60.0              50.0              43.0   1417298889305.0
          580.0              60.0              50.0              43.1   1417298889408.0
          581.0              60.0              50.0              43.2   1417298889513.0
          582.0              60.0              50.0              43.2   1417298889621.0
          583.0              60.0              50.0              43.2   1417298889724.0
          584.0              60.0              50.0              43.3   1417298889827.0
          585.0              60.0              50.0              43.3   1417298889929.0
          586.0              60.0              50.0              43.4   1417298890036.0
          587.0              60.0              50.0              43.4   1417298890141.0
          588.0              60.0              50.0              43.4   1417298890247.0
          589.0              60.0              50.0              43.6   1417298890355.0
          590.0              60.0              50.0              43.6   1417298890465.0
          591.0              60.0              50.0              43.6   1417298890567.0
          592.0              60.0              50.0              43.8   1417298890671.0
          593.0              60.0              50.0              43.7   1417298890775.0
          594.0              60.0              50.0              43.8   1417298890883.0
          595.0              60.0              50.0              43.8   1417298890993.0
          596.0              60.0              50.0              43.9   1417298891098.0
          597.0              60.0              50.0              44.0   1417298891200.0
          598.0              60.0              50.0              44.0   1417298891303.0
          599.0              40.0              50.0              44.1   1417298891408.0
          600.0              40.0              50.0              44.0   1417298891516.0
          601.0              40.0              50.0              44.0   1417298891625.0
          602.0              40.0              50.0              44.0   1417298891726.0
          603.0              40.0              50.0              43.9   1417298891831.0
          604.0              40.0              50.0              43.9   1417298891935.0
          605.0              40.0              50.0              43.9   1417298892039.0
          606.0              40.0              50.0              43.8   1417298892141.0
          607.0              40.0              50.0              43.8   1417298892248.0
          608.0              40.0              50.0              43.8   1417298892354.0
          609.0              40.0              50.0              43.8   1417298892459.0
          610.0              40.0              50.0              43.7   1417298892560.0
          611.0              40.0              50.0              43.7   1417298892664.0
          612.0              40.0              50.0              43.7   1417298892772.0
          613.0              40.0              50.0              43.7   1417298892882.0
          614.0              40.0              50.0              43.6   1417298892989.0
          615.0              40.0              50.0              43.4   1417298893092.0
          616.0              40.0              50.0              43.4   1417298893201.0
          617.0              40.0              50.0              43.6   1417298893302.0
          618.0              40.0              50.0              43.3   1417298893411.0
          619.0              40.0              50.0              43.3   1417298893515.0
          620.0              40.0              50.0              43.3   1417298893621.0
          621.0              40.0              50.0              43.3   1417298893727.0
          622.0              40.0              50.0              43.3   1417298893831.0
          623.0              40.0              50.0              43.3   1417298893939.0
          624.0              40.0              50.0              43.3   1417298894043.0
          625.0              40.0              50.0              43.2   1417298894148.0
          626.0              40.0              50.0              43.1   1417298894255.0
          627.0              40.0              50.0              43.1   1417298894362.0
          628.0              40.0              50.0              43.1   1417298894463.0
          629.0              40.0              50.0              43.1   1417298894569.0
          630.0              40.0              50.0              43.0   1417298894677.0
          631.0              40.0              50.0              42.9   1417298894782.0
          632.0              40.0              50.0              43.0   1417298894887.0
          633.0              40.0              50.0              42.9   1417298894988.0
          634.0              40.0              50.0              42.9   1417298895089.0
          635.0              40.0              50.0              42.9   1417298895190.0
          636.0              40.0              50.0              42.7   1417298895294.0
          637.0              40.0              50.0              42.7   1417298895401.0
          638.0              40.0              50.0              42.7   1417298895503.0
          639.0              40.0              50.0              42.7   1417298895606.0
          640.0              40.0              50.0              42.7   1417298895711.0
          641.0              40.0              50.0              42.6   1417298895816.0
          642.0              40.0              50.0              42.7   1417298895922.0
          643.0              60.0              50.0              42.5   1417298896028.0
          644.0              60.0              50.0              42.6   1417298896129.0
          645.0              60.0              50.0              42.6   1417298896235.0
          646.0              60.0              50.0              42.6   1417298896336.0
          647.0              60.0              50.0              42.6   1417298896443.0
          648.0              60.0              50.0              42.6   1417298896544.0
          649.0              60.0              50.0              42.6   1417298896652.0
          650.0              60.0              50.0              42.6   1417298896759.0
          651.0              60.0              50.0              42.6   1417298896866.0
          652.0              60.0              50.0              42.7   1417298896976.0
          653.0              60.0              50.0              42.6   1417298897078.0
          654.0              60.0              50.0              42.7   1417298897186.0
          655.0              60.0              50.0              42.6   1417298897287.0
          656.0              60.0              50.0              42.7   1417298897396.0
          657.0              60.0              50.0              42.9   1417298897497.0
          658.0              60.0              50.0              43.0   1417298897604.0
          659.0              60.0              50.0              43.0   1417298897712.0
          660.0              60.0              50.0              43.0   1417298897815.0
          661.0              60.0              50.0              43.1   1417298897925.0
          662.0              60.0              50.0              43.1   1417298898034.0
          663.0              60.0              50.0              43.1   1417298898138.0
          664.0              60.0              50.0              43.2   1417298898243.0
          665.0              60.0              50.0              43.2   1417298898351.0
          666.0              60.0              50.0              43.2   1417298898452.0
          667.0              60.0              50.0              43.3   1417298898558.0
          668.0              60.0              50.0              43.3   1417298898661.0
          669.0              60.0              50.0              43.3   1417298898766.0
          670.0              60.0              50.0              43.4   1417298898871.0
          671.0              60.0              50.0              43.6   1417298898972.0
          672.0              60.0              50.0              43.6   1417298899079.0
          673.0              60.0              50.0              43.6   1417298899184.0
          674.0              60.0              50.0              43.7   1417298899293.0
          675.0              60.0              50.0              43.7   1417298899394.0
          676.0              60.0              50.0              43.8   1417298899500.0
          677.0              60.0              50.0              43.7   1417298899605.0
          678.0              60.0              50.0              43.8   1417298899715.0
          679.0              60.0              50.0              43.8   1417298899825.0
          680.0              60.0              50.0              43.8   1417298899926.0
          681.0              40.0              50.0              43.8   1417298900036.0
          682.0              40.0              50.0              43.9   1417298900143.0
          683.0              40.0              50.0              43.9   1417298900253.0
          684.0              40.0              50.0              44.0   1417298900354.0
          685.0              40.0              50.0              44.0   1417298900464.0
          686.0              40.0              50.0              44.0   1417298900574.0
          687.0              40.0              50.0              44.0   1417298900679.0
          688.0              40.0              50.0              44.0   1417298900782.0
          689.0              40.0              50.0              43.9   1417298900883.0
          690.0              40.0              50.0              43.9   1417298900990.0
          691.0              40.0              50.0              44.1   1417298901091.0
          692.0              40.0              50.0              43.9   1417298901193.0
          693.0              40.0              50.0              44.0   1417298901303.0
          694.0              40.0              50.0              43.9   1417298901406.0
          695.0              40.0              50.0              43.8   1417298901511.0
          696.0              40.0              50.0              43.7   1417298901616.0
          697.0              40.0              50.0              43.7   1417298901723.0
          698.0              40.0              50.0              43.7   1417298901832.0
          699.0              40.0              50.0              43.6   1417298901933.0
          700.0              40.0              50.0              43.4   1417298902039.0
          701.0              40.0              50.0              43.4   1417298902148.0
          702.0              40.0              50.0              43.3   1417298902258.0
          703.0              40.0              50.0              43.2   1417298902363.0
          704.0              40.0              50.0              43.2   1417298902472.0
          705.0              40.0              50.0              43.1   1417298902580.0
          706.0              40.0              50.0              43.1   1417298902685.0
          707.0              40.0              50.0              43.1   1417298902789.0
          708.0              40.0              50.0              43.0   1417298902898.0
          709.0              40.0              50.0              43.1   1417298903004.0
          710.0              40.0              50.0              43.0   1417298903108.0
          711.0              40.0              50.0              43.0   1417298903212.0
          712.0              40.0              50.0              43.0   1417298903315.0
          713.0              40.0              50.0              42.9   1417298903418.0
          714.0              40.0              50.0              43.0   1417298903527.0
          715.0              40.0              50.0              43.0   1417298903632.0
          716.0              40.0              50.0              42.9   1417298903739.0
          717.0              40.0              50.0              42.9   1417298903849.0
          718.0              40.0              50.0              42.7   1417298903959.0
          719.0              40.0              50.0              42.9   1417298904063.0
          720.0              40.0              50.0              42.7   1417298904167.0
          721.0              40.0              50.0              42.7   1417298904270.0
          722.0              40.0              50.0              43.1   1417298904380.0
          723.0              40.0              50.0              42.9   1417298904481.0
          724.0              40.0              50.0              42.9   1417298904584.0
          725.0              40.0              50.0              42.7   1417298904689.0
          726.0              40.0              50.0              42.7   1417298904794.0
          727.0              60.0              50.0              42.7   1417298904899.0
          728.0              60.0              50.0              42.6   1417298905001.0
          729.0              60.0              50.0              42.7   1417298905106.0
          730.0              60.0              50.0              42.6   1417298905214.0
          731.0              60.0              50.0              42.6   1417298905323.0
          732.0              60.0              50.0              42.6   1417298905425.0
          733.0              60.0              50.0              42.6   1417298905533.0
          734.0              60.0              50.0              42.7   1417298905639.0
          735.0              60.0              50.0              42.9   1417298905749.0
          736.0              60.0              50.0              42.7   1417298905854.0
          737.0              60.0              50.0              42.9   1417298905960.0
          738.0              60.0              50.0              42.9   1417298906066.0
          739.0              60.0              50.0              43.0   1417298906175.0
          740.0              40.0              50.0              43.0   1417298906279.0
          741.0              40.0              50.0              43.0   1417298906389.0
          742.0              40.0              50.0              43.2   1417298906492.0
          743.0              40.0              50.0              43.2   1417298906601.0
          744.0              40.0              50.0              43.2   1417298906706.0
          745.0              40.0              50.0              43.2   1417298906810.0
          746.0              40.0              50.0              43.2   1417298906911.0
          747.0              40.0              50.0              43.2   1417298907012.0
          748.0              40.0              50.0              43.2   1417298907120.0
          749.0              40.0              50.0              43.1   1417298907228.0
          750.0              40.0              50.0              43.3   1417298907336.0
          751.0              40.0              50.0              43.3   1417298907439.0
          752.0              40.0              50.0              43.2   1417298907543.0
          753.0              40.0              50.0              43.2   1417298907648.0
          754.0              40.0              50.0              43.3   1417298907755.0
          755.0              40.0              50.0              43.2   1417298907865.0
          756.0              40.0              50.0              43.2   1417298907970.0
          757.0              40.0              50.0              43.2   1417298908071.0
          758.0              40.0              50.0              43.2   1417298908172.0
          759.0              40.0              50.0              43.1   1417298908282.0
          760.0              40.0              50.0              43.0   1417298908390.0
          761.0              40.0              50.0              43.0   1417298908497.0
          762.0              40.0              50.0              43.0   1417298908607.0
          763.0              40.0              50.0              43.0   1417298908712.0
          764.0              40.0              50.0              43.0   1417298908817.0
          765.0              40.0              50.0              43.0   1417298908920.0
          766.0              40.0              50.0              43.0   1417298909024.0
          767.0              40.0              50.0              43.0   1417298909127.0
          768.0              40.0              50.0              43.0   1417298909234.0
          769.0              40.0              50.0              42.9   1417298909337.0
          770.0              40.0              50.0              42.9   1417298909447.0
          771.0              40.0              50.0              42.9   1417298909555.0
          772.0              40.0              50.0              42.7   1417298909658.0
          773.0              60.0              50.0              42.7   1417298909762.0
          774.0              60.0              50.0              42.7   1417298909872.0
          775.0              60.0              50.0              42.6   1417298909973.0
          776.0              60.0              50.0              42.7   1417298910081.0
          777.0              60.0              50.0              42.7   1417298910190.0
          778.0              60.0              50.0              42.7   1417298910297.0
          779.0              60.0              50.0              42.7   1417298910402.0
          780.0              60.0              50.0              42.7   1417298910511.0
          781.0              60.0              50.0              42.9   1417298910614.0
          782.0              60.0              50.0              42.7   1417298910719.0
          783.0              60.0              50.0              42.9   1417298910829.0
          784.0              60.0              50.0              42.9   1417298910934.0
          785.0              60.0              50.0              43.0   1417298911037.0
          786.0              60.0              50.0              43.0   1417298911140.0
          787.0              60.0              50.0              43.0   1417298911249.0
          788.0              60.0              50.0              43.1   1417298911357.0
          789.0              60.0              50.0              43.1   1417298911462.0
          790.0              60.0              50.0              43.2   1417298911570.0
          791.0              60.0              50.0              43.3   1417298911672.0
          792.0              60.0              50.0              43.3   1417298911780.0
          793.0              60.0              50.0              43.3   1417298911889.0
          794.0              60.0              50.0              43.4   1417298911999.0
          795.0              60.0              50.0              43.4   1417298912106.0
          796.0              60.0              50.0              43.3   1417298912216.0
          797.0              60.0              50.0              43.3   1417298912317.0
          798.0              60.0              50.0              43.4   1417298912423.0
          799.0              60.0              50.0              43.6   1417298912526.0
          800.0              60.0              50.0              43.7   1417298912633.0
          801.0              60.0              50.0              43.6   1417298912743.0
          802.0              60.0              50.0              43.7   1417298912845.0
          803.0              60.0              50.0              43.8   1417298912953.0
          804.0              60.0              50.0              43.8   1417298913060.0
          805.0              60.0              50.0              43.8   1417298913161.0
          806.0              60.0              50.0              43.9   1417298913270.0
          807.0              60.0              50.0              43.8   1417298913374.0
          808.0              60.0              50.0              43.9   1417298913480.0
          809.0              60.0              50.0              44.0   1417298913584.0
          810.0              40.0              50.0              43.9   1417298913689.0
          811.0              40.0              50.0              43.9   1417298913798.0
          812.0              40.0              50.0              44.0   1417298913906.0
          813.0              40.0              50.0              44.0   1417298914014.0
          814.0              40.0              50.0              44.0   1417298914117.0
          815.0              40.0              50.0              44.1   1417298914224.0
          816.0              40.0              50.0              44.1   1417298914332.0
          817.0              40.0              50.0              44.1   1417298914436.0
          818.0              40.0              50.0              44.1   1417298914546.0
          819.0              40.0              50.0              44.1   1417298914649.0
          820.0              40.0              50.0              44.0   1417298914757.0
          821.0              40.0              50.0              44.0   1417298914861.0
          822.0              40.0              50.0              44.0   1417298914967.0
          823.0              40.0              50.0              43.9   1417298915069.0
          824.0              40.0              50.0              43.9   1417298915172.0
          825.0              40.0              50.0              43.9   1417298915280.0
          826.0              40.0              50.0              43.9   1417298915390.0
          827.0              40.0              50.0              43.9   1417298915495.0
          828.0              40.0              50.0              43.7   1417298915602.0
          829.0              40.0              50.0              43.7   1417298915706.0
          830.0              40.0              50.0              43.6   1417298915810.0
          831.0              40.0              50.0              43.7   1417298915913.0
          832.0              40.0              50.0              43.6   1417298916018.0
          833.0              40.0              50.0              43.4   1417298916126.0
          834.0              40.0              50.0              43.4   1417298916236.0
          835.0              40.0              50.0              43.4   1417298916342.0
          836.0              40.0              50.0              43.4   1417298916448.0
          837.0              40.0              50.0              43.3   1417298916554.0
          838.0              40.0              50.0              43.2   1417298916656.0
          839.0              40.0              50.0              43.2   1417298916764.0
          840.0              40.0              50.0              43.2   1417298916871.0
          841.0              40.0              50.0              43.2   1417298916974.0
          842.0              40.0              50.0              43.2   1417298917084.0
          843.0              40.0              50.0              43.1   1417298917190.0
          844.0              40.0              50.0              43.1   1417298917296.0
          845.0              40.0              50.0              43.1   1417298917399.0
          846.0              40.0              50.0              43.1   1417298917504.0
          847.0              40.0              50.0              43.0   1417298917611.0
          848.0              40.0              50.0              43.0   1417298917712.0
          849.0              40.0              50.0              43.0   1417298917818.0
          850.0              60.0              50.0              42.9   1417298917924.0
          851.0              60.0              50.0              42.9   1417298918031.0
          852.0              60.0              50.0              42.9   1417298918134.0
          853.0              60.0              50.0              42.9   1417298918238.0
          854.0              60.0              50.0              42.9   1417298918342.0
          855.0              60.0              50.0              42.9   1417298918448.0
          856.0              60.0              50.0              42.9   1417298918550.0
          857.0              60.0              50.0              43.0   1417298918658.0
          858.0              60.0              50.0              43.0   1417298918767.0
          859.0              60.0              50.0              43.1   1417298918868.0
          860.0              60.0              50.0              43.0   1417298918976.0
          861.0              60.0              50.0              43.0   1417298919083.0
          862.0              60.0              50.0              43.1   1417298919184.0
          863.0              60.0              50.0              43.2   1417298919290.0
          864.0              60.0              50.0              43.2   1417298919399.0
          865.0              60.0              50.0              43.2   1417298919509.0
          866.0              60.0              50.0              43.2   1417298919619.0
          867.0              60.0              50.0              43.3   1417298919721.0
          868.0              40.0              50.0              43.3   1417298919826.0
          869.0              40.0              50.0              43.3   1417298919927.0
          870.0              40.0              50.0              43.3   1417298920032.0
          871.0              40.0              50.0              43.4   1417298920135.0
          872.0              40.0              50.0              43.3   1417298920240.0
          873.0              40.0              50.0              43.3   1417298920343.0
          874.0              40.0              50.0              43.3   1417298920447.0
          875.0              40.0              50.0              43.4   1417298920550.0
          876.0              40.0              50.0              43.4   1417298920658.0
          877.0              40.0              50.0              43.4   1417298920759.0
          878.0              40.0              50.0              43.3   1417298920864.0
          879.0              40.0              50.0              43.3   1417298920967.0
          880.0              40.0              50.0              43.3   1417298921069.0
          881.0              40.0              50.0              43.3   1417298921172.0
          882.0              40.0              50.0              43.3   1417298921276.0
          883.0              40.0              50.0              43.3   1417298921378.0
          884.0              40.0              50.0              43.3   1417298921482.0
          885.0              40.0              50.0              43.3   1417298921592.0
          886.0              40.0              50.0              43.2   1417298921695.0
          887.0              40.0              50.0              43.3   1417298921804.0
          888.0              40.0              50.0              43.2   1417298921908.0
          889.0              40.0              50.0              43.3   1417298922011.0
          890.0              40.0              50.0              43.1   1417298922121.0
          891.0              40.0              50.0              43.1   1417298922229.0
          892.0              40.0              50.0              43.1   1417298922330.0
          893.0              40.0              50.0              43.1   1417298922432.0
          894.0              40.0              50.0              43.1   1417298922535.0
          895.0              40.0              50.0              43.0   1417298922643.0
          896.0              40.0              50.0              43.1   1417298922748.0
          897.0              40.0              50.0              43.1   1417298922853.0
          898.0              40.0              50.0              43.1   1417298922958.0
          899.0              40.0              50.0              43.0   1417298923066.0
          900.0              60.0              50.0              43.0   1417298923169.0
          901.0              60.0              50.0              43.0   1417298923270.0
          902.0              60.0              50.0              43.0   1417298923374.0
          903.0              60.0              50.0              43.0   1417298923477.0
          904.0              60.0              50.0              43.0   1417298923587.0
          905.0              60.0              50.0              43.0   1417298923694.0
          906.0              60.0              50.0              43.0   1417298923796.0
          907.0              60.0              50.0              43.1   1417298923902.0
          908.0              60.0              50.0              43.1   1417298924004.0
          909.0              60.0              50.0              43.2   1417298924114.0
          910.0              60.0              50.0              43.1   1417298924221.0
          911.0              60.0              50.0              43.3   1417298924324.0
          912.0              60.0              50.0              43.3   1417298924431.0
          913.0              60.0              50.0              43.3   1417298924533.0
          914.0              60.0              50.0              43.3   1417298924638.0
          915.0              60.0              50.0              43.4   1417298924744.0
          916.0              60.0              50.0              43.4   1417298924852.0
          917.0              60.0              50.0              43.4   1417298924961.0
          918.0              60.0              50.0              43.4   1417298925063.0
          919.0              60.0              50.0              43.6   1417298925164.0
          920.0              40.0              50.0              43.6   1417298925268.0
          921.0              40.0              50.0              43.6   1417298925378.0
          922.0              40.0              50.0              43.6   1417298925480.0
          923.0              40.0              50.0              43.7   1417298925585.0
          924.0              40.0              50.0              43.7   1417298925689.0
          925.0              40.0              50.0              43.7   1417298925793.0
          926.0              40.0              50.0              43.7   1417298925896.0
          927.0              40.0              50.0              43.7   1417298926003.0
          928.0              40.0              50.0              43.6   1417298926110.0
          929.0              40.0              50.0              43.6   1417298926216.0
          930.0              40.0              50.0              43.4   1417298926317.0
          931.0              40.0              50.0              43.6   1417298926427.0
          932.0              40.0              50.0              43.4   1417298926529.0
          933.0              40.0              50.0              43.4   1417298926635.0
          934.0              40.0              50.0              43.4   1417298926741.0
          935.0              40.0              50.0              43.3   1417298926842.0
          936.0              40.0              50.0              43.4   1417298926948.0
          937.0              40.0              50.0              43.3   1417298927058.0
          938.0              40.0              50.0              43.3   1417298927167.0
          939.0              40.0              50.0              43.3   1417298927273.0
          940.0              60.0              50.0              43.3   1417298927382.0
          941.0              60.0              50.0              43.2   1417298927485.0
          942.0              60.0              50.0              43.2   1417298927593.0
          943.0              60.0              50.0              43.2   1417298927700.0
          944.0              60.0              50.0              43.2   1417298927809.0
          945.0              60.0              50.0              43.2   1417298927919.0
          946.0              60.0              50.0              43.2   1417298928023.0
          947.0              60.0              50.0              43.3   1417298928128.0
          948.0              60.0              50.0              43.3   1417298928230.0
          949.0              60.0              50.0              43.4   1417298928335.0
          950.0              60.0              50.0              43.3   1417298928441.0
          951.0              60.0              50.0              43.4   1417298928544.0
          952.0              60.0              50.0              43.4   1417298928653.0
          953.0              60.0              50.0              43.4   1417298928754.0
          954.0              60.0              50.0              43.6   1417298928857.0
          955.0              60.0              50.0              43.6   1417298928965.0
          956.0              60.0              50.0              43.6   1417298929067.0
          957.0              60.0              50.0              43.6   1417298929170.0
          958.0              60.0              50.0              43.7   1417298929279.0
          959.0              40.0              50.0              43.8   1417298929383.0
          960.0              40.0              50.0              43.7   1417298929484.0
          961.0              40.0              50.0              43.8   1417298929585.0
          962.0              40.0              50.0              43.7   1417298929688.0
          963.0              40.0              50.0              43.9   1417298929790.0
          964.0              40.0              50.0              43.9   1417298929897.0
          965.0              40.0              50.0              43.9   1417298929999.0
          966.0              40.0              50.0              43.8   1417298930107.0
          967.0              40.0              50.0              43.9   1417298930213.0
          968.0              40.0              50.0              43.8   1417298930322.0
          969.0              40.0              50.0              43.8   1417298930428.0
          970.0              40.0              50.0              43.8   1417298930531.0
          971.0              40.0              50.0              43.7   1417298930636.0
          972.0              40.0              50.0              43.7   1417298930741.0
          973.0              40.0              50.0              43.7   1417298930848.0
          974.0              40.0              50.0              43.7   1417298930952.0
          975.0              40.0              50.0              43.6   1417298931057.0
          976.0              40.0              50.0              43.6   1417298931159.0
          977.0              40.0              50.0              43.6   1417298931269.0
          978.0              40.0              50.0              43.4   1417298931371.0
          979.0              40.0              50.0              43.4   1417298931472.0
          980.0              40.0              50.0              43.4   1417298931580.0
          981.0              40.0              50.0              43.6   1417298931685.0
          982.0              40.0              50.0              43.4   1417298931791.0
          983.0              40.0              50.0              43.3   1417298931899.0
          984.0              40.0              50.0              43.3   1417298932001.0
          985.0              40.0              50.0              43.3   1417298932103.0
          986.0              40.0              50.0              43.3   1417298932207.0
          987.0              40.0              50.0              43.2   1417298932316.0
          988.0              40.0              50.0              43.2   1417298932417.0
          989.0              40.0              50.0              43.2   1417298932521.0
          990.0              40.0              50.0              43.2   1417298932629.0
          991.0              40.0              50.0              43.1   1417298932730.0
          992.0              40.0              50.0              43.1   1417298932836.0
          993.0              40.0              50.0              43.0   1417298932939.0
          994.0              40.0              50.0              43.0   1417298933048.0
          995.0              40.0              50.0              42.9   1417298933153.0
          996.0              40.0              50.0              43.0   1417298933261.0
          997.0              40.0              50.0              43.0   1417298933370.0
          998.0              40.0              50.0              42.9   1417298933479.0
          999.0              40.0              50.0              42.9   1417298933585.0
         1000.0              40.0              50.0              42.9   1417298933694.0
